307
162
850974
135975416883175
1433686349
527729259517
3263066
332201554539536
884644405
881895708610319
38115873577171
1600606827
3804
92257520539
347083621840342
2558485704033
48979582
206723911189595
145650065738326
293998
377634
23220989607084
844121404153
302
90588317050
766714
75953
56785
69720009489
401192818
48717010010288
745624272568993
490531311787
6998149662214
13661993
36704
38037234532
7736831501121
437357044958
1795056
4410442
358198575539861
7528641
437743867
7316521267
3117
74156971652
6074714825094
541727204
5582
5802
6059997768
94491010885638
1777
772463621
3768726609953
1873036331
2790851
6837726
4321974097
529558583498
2314
579176
132844382578
26804628151180
1504
1388027615843
9157247
84933
2146848
269948
8282367987
68051650707
472790
845548875705593
636192145330
70907522672
4877964
3570178
32948410207095
237134076315
9933
49601690
7927358675
741179
582984015
3904884209
652462066634949
965
65612540535
839259735619
235347248454887
624156357
50818341
190194
24692990848
1412226033729
7911548936732
4293912737781
79866185
528110350723020
468149092961225
8728145
11177427241
53837790
944417565344
9444458
741
27122360498
731643925663
120409970797
7398861556780
36911173
5184794833238
769930439866
104
22289897
72534328945
273146415340413
780
1268977
856282907
18015743920
8110
753406696345801
728
181
211991
2172
7787762039761
82425076771
440230034740772
7265540
408520866303660
679395260382919
43830505
6817935090909
78845472
416491
460
881573947027
4523943771
70992013014054
46477
544275400296
164
327270761407945
675
965523072
8475882650
4928646183
7605
78101396
277
89777250375807
54076
1802481442
814544
335555
759629255887825
747777172924413
16659
6847
97577
8605
461461629009040
55868775074
28706022674118
6003146360606
2177816
564359673415125
948027926540
55460204
849967907295511
540
93839935933
81982436
575780
575877681
20876
44650
79923249211
562119966
3645264455582
14630985
125266475
66975087291363
64630
888072939489
598572
729244234
5973
4430827
6576
3556315221315
914542577736
406621524042244
3617317701354
5741
373290
233803
75096128365005
6303945478
481
311819341
431080615303
817978165
529178959720
16953506588986
419528578
921
3069
40294
7255763380575
216832857
39057037084236
4319917941312
15827552941
361366962438
377344209
82351174340170
51044698558766
2671
462873913
31862466187298
2111
1678508
182320400547517
55487163909
754965147
6934
675766211
342288555253115
3955962
12096602832
353
11364751149812
51621768855
576460512609
3526
777005981365
511740
89846090
71305761
180164
149620
10830539
68524118
979
684767296
185
17757107842878
694322071
456081187367
865987519
453
412
4870167
34747864
672322
262618535700
4489776
917241792034501
1577975421
920545727907280
82929818183604
7253910897
54113186
727000609
951780597388623
186
14929953833
552455991
262
74923938
789877
418149
250056
985741649
302922513
54748244
83760544
293
3172292
16830805001
63655216885115
1171603609033
73603205156
218880161185637
8035008154
450
68804892594420
84250432
8539537779779
95120722406148
9418366
15689065836
356
1622891908
21176788
95443600
73797993075
424738787
718692610677
3809497081
8961676474315
539012093521982
822638
1962
6831593597
451729579
9685575230
2874983850
1623557104995
895726926293444
493088
9924256
5118
34670553
8714484056
954705272063749
220867
909113
64855704
8987589
816797
22852
42710252779
48206357
969
22569
4202072716
6478430971149
763460994470999
64631056178
879407117346987
5506
287
26276180910684
745
29806756544515
7799363378
7695557662
1366755
936
2193
25672399861224
48300956005858
257897
612537699
4221
944326568794660
840392738819
4141
818505910285
94029806
9197
5809243
60372914249
3296347225250
513977891853836
6635
47467173741
37079
629
890573554665122
97043639
618871
526821
5203
750262905
99325780451463
487118237832580
344686
1043173145
550189953301429
71813737
875651604
153484233503
821455
22637621772190
1553067302
3755224635
5351644
52446786202104
57177
435706515635254
97580181493903
3172492907768
842644224
97834569
8725
403962
6724647
11392923
995300
2307886
773465083967344
531
599806259346
237987793035304
172877660237403
3487
13434
58488309263
5674182
22746149755428
393974353965663
333328526
789
718313492
74139
5112
606
63107824122
784613958282145
3364104
54235398840906
2552
18996075
84071
86080056247379
292561
7796936647768
6922733
37727
8079504
30850
4224
7878605
661
1486733729656
236900489
938652
6537272549389
45643
420828
444257196224
5521661
8284518067065
92763
378461707
6679
47754071655219
818
580144950293511
486
38438919632
9763959374055
60305763509
285717983911008
680793388762034
246832
756507138054
268
5595057
1707
943415
9009666
775237042504
95916
565
83068779195061
154671852696149
603255427706355
18579701
186048641060
52815
7274082169
746
894169
97656137823735
695
888598263698204
67867064609524
51725446077
966725875286409
60400
745444499872461
3631
9702
134513233504382
86640154258506
799
2532599
565405984256717
3673
689288
11359717143
729431
435137878233
492996644506
50683064020
3721241472086
4159658448
973996481
943921680
478194
6885362736
8368